2015	1	0	0	0	0	0	0	0	0	0	0	0	0	0	0	0	0	0	0	0	0	0	0	0	0	0	0	0	0	0	0	0	0	0
2015	2	0	0	0	0	0	0	0	0	0	0	0	0	0	0	0	0	0	0	0	0	0	0	0	0	0	0	0	0	0	0	0	0	0
2015	3	0	0	0	0	0	0	0	0	0	0	0	0	0	0	0	0	0	0	0	0	0	0	0	0	0	0	0	0	0	0	0	0	0
2015	4	0	0	0	0	0	0.014783522	0.053854301	0.079197396	0.10876444	0.096092892	0.053854301	0.022175283	0.121436286	0.161562903	0.100316841	0.063358036	0.028511206	0.026399232	0.022175283	0.008447599	0.007391761	0.014783522	0.003167812	0.008447599	0.002111974	0.001055838	0.002111974	0	0	0	0	0	0
2015	5	0	0	0	0	0.001195178	0.034664707	0.106385178	0.136268474	0.125510473	0.059766942	0.031262428	0.01424998	0.031530476	0.086869199	0.146160663	0.136508841	0.055155119	0.026198603	0.002757914	0.002757914	0.002757914	0	0	0	0	0	0	0	0	0	0	0	0
2015	6	0	0	0	0	0	0	0	0	0	0	0	0	0	0	0	0	0	0	0	0	0	0	0	0	0	0	0	0	0	0	0	0	0
2015	7	0	0	0	0	0	0	0	0	0	0	0	0	0	0	0	0	0	0	0	0	0	0	0	0	0	0	0	0	0	0	0	0	0
2015	8	0	0	0	0	0	0	0	0	0	0	0	0	0	0	0	0	0	0	0	0	0	0	0	0	0	0	0	0	0	0	0	0	0
2015	9	0	0	0	0	0	0	0	0	0	0	0	0	0	0	0	0	0	0	0	0	0	0	0	0	0	0	0	0	0	0	0	0	0
2015	10	0	0	0	0	0	0	0	0	0	0	0	0	0	0	0	0	0	0	0	0	0	0	0	0	0	0	0	0	0	0	0	0	0
2015	11	0	0	0	0	0	0	0	0	0	0	0	0	0	0	0	0	0	0	0	0	0	0	0	0	0	0	0	0	0	0	0	0	0
2015	12	0	0	0	0	0	0	0	0	0	0	0	0	0	0	0	0	0	0	0	0	0	0	0	0	0	0	0	0	0	0	0	0	0
2016	1	0	0	0	0	0	0	0	0	0	0	0	0	0	0	0	0	0	0	0	0	0	0	0	0	0	0	0	0	0	0	0	0	0
2016	2	0	0	0	0	0	0	0	0	0	0	0	0	0	0	0	0	0	0	0	0	0	0	0	0	0	0	0	0	0	0	0	0	0
2016	3	0	0	0	0	0	0	0	0.00246812	0.00246812	0.018099548	0.088029617	0.21966269	0.124228712	0.07733443	0.015631427	0.023447141	0.048951049	0.118881119	0.14973262	0.095433978	0.015631427	0	0	0	0	0	0	0	0	0	0	0	0
2016	4	0	0	0	0	0.000901307	0.002929247	0.008562416	0.019828752	0.041685444	0.041685444	0.050247859	0.039657503	0.034925642	0.05295178	0.094637224	0.134294727	0.119197837	0.128661559	0.08044164	0.056782334	0.043488058	0.023659306	0.018026138	0.006534475	0.000901307	0	0	0	0	0	0	0	0
2016	5	0	0	0	0	0	0	0	0	0	0	0	0	0	0	0	0	0	0	0	0	0	0	0	0	0	0	0	0	0	0	0	0	0
2016	6	0	0	0	0	0	0	0	0	0	0	0	0	0	0	0	0	0	0	0	0	0	0	0	0	0	0	0	0	0	0	0	0	0
2016	7	0	0	0	0	0	0	0	0	0	0	0	0	0	0	0	0	0	0	0	0	0	0	0	0	0	0	0	0	0	0	0	0	0
2016	8	0	0	0	0	0	0	0	0	0	0	0	0	0	0	0	0	0	0	0	0	0	0	0	0	0	0	0	0	0	0	0	0	0
2016	9	0	0	0	0	0	0	0	0	0	0	0	0	0	0	0	0	0	0	0	0	0	0	0	0	0	0	0	0	0	0	0	0	0
2016	10	0	0	0	0	0	0	0	0	0	0	0	0	0	0	0	0	0	0	0	0	0	0	0	0	0	0	0	0	0	0	0	0	0
2016	11	0	0	0	0	0	0	0	0	0	0	0	0	0	0	0	0	0	0	0	0	0	0	0	0	0	0	0	0	0	0	0	0	0
2016	12	0	0	0	0	0	0	0	0	0	0	0	0	0	0	0	0	0	0	0	0	0	0	0	0	0	0	0	0	0	0	0	0	0
2017	1	0	0	0	0	0	0	0	0	0	0	0	0	0	0	0	0	0	0	0	0	0	0	0	0	0	0	0	0	0	0	0	0	0
2017	2	0	0	0	0	0	0	0	0	0	0	0	0	0	0	0	0.009592326	0.026378897	0.052757794	0.129496403	0.24940048	0.179856115	0.167865707	0.112709832	0.052757794	0.016786571	0	0.002398082	0	0	0	0	0	0
2017	3	0	0	0	0	0	0	0	0	0	0	0	0	0	0	0	0	0	0.033333331	0.075000001	0.07083333	0.229166672	0.19583333	0.229166672	0.133333331	0.020833331	0.008333331	0.004166671	0	0	0	0	0	0
2017	4	0	0	0	0	0	0	0.06060606	0.17537879	0.20984848	0.22272727	0.175	0.1219697	0.0344697	0	0	0	0	0	0	0	0	0	0	0	0	0	0	0	0	0	0	0	0
2017	5	0	0	0	0	0	0	0	0	0	0	0	0	0	0	0	0	0	0	0	0	0	0	0	0	0	0	0	0	0	0	0	0	0
2017	6	0	0	0	0	0.02497191	0.124859532	0.287233113	0.149971911	0.225028092	0.100042141	0.05028093	0.03754214	7.023E-05	0	0	0	0	0	0	0	0	0	0	0	0	0	0	0	0	0	0	0	0
2017	7	0	0	0	0	1.38503E-05	0.01262601	0.08741553	0.17499446	0.374446109	0.22492522	0.07524094	0.05011078	0.00015648	5.816E-05	1.24599E-05	0	0	0	0	0	0	0	0	0	0	0	0	0	0	0	0	0	0
2017	8	0	0	0	0	0	0.0375	0.150000001	0.2	0.1	0.2	0.1125	0.075	0.0625	0.0375	0.025	0	0	0	0	0	0	0	0	0	0	0	0	0	0	0	0	0	0
2017	9	0	0	0	0	0	0	0	0	0	0	0	0	0	0	0	0	0	0	0	0	0	0	0	0	0	0	0	0	0	0	0	0	0
2017	10	0	0	0	0	0	0	0	0	0	0	0	0	0	0	0	0	0	0	0	0	0	0	0	0	0	0	0	0	0	0	0	0	0
2017	11	0	0	0	0	0	0	0	0	0	0	0	0	0.025000001	0.037500001	0.125	0.062499998	0.225	0.2125	0.125	0.087499999	0.087499999	0	0.0125	0	0	0	0	0	0	0	0	0	0
2017	12	0	0	0	0	0	0	0	0	0	0	0	0	0.006818179	0.04221807	0.045886082	0.056113351	0.18826237	0.126826811	0.17097238	0.12935846	0.13145857	0.061967779	0.033299769	0.00340909	0.00340909	0	0	0	0	0	0	0	0
2018	1	0	0	0	0	0	0	0	0	0	0	0	0.00560345	0.15172414	0.07887931	0.12672414	0.07155172	0.07758621	0.04655172	0.11336207	0.07672414	0.13232759	0.06594828	0.04655172	0.00517241	0.0012931	0	0	0	0	0	0	0	0
2018	2	0	0	0	0	0	0	0	2.85618E-05	4.57019E-05	3.1421E-05	1.42809E-05	0.007155511	0.025017139	0.053579179	0.139305302	0.196383684	0.178530621	0.130327352	0.096406542	0.06427102	0.066056332	0.042847351	0	0	0	0	0	0	0	0	0	0	0
2018	3	0	0	0	0	0	0	0	0	0.082193898	0.09588844	0.09588844	0.082193898	0.123288182	0.09588844	0.041094285	0.027399742	0.09588844	0.178082338	0.082193898	0	0	0	0	0	0	0	0	0	0	0	0	0	0
2018	4	0	0	0	0	0	0	0	0	0	0	0	0	0	0	0	0	0	0	0	0	0	0	0	0	0	0	0	0	0	0	0	0	0
2018	5	0	0	0	0	0	0	0	0	0	0	0	0	0	0	0	0	0	0	0	0	0	0	0	0	0	0	0	0	0	0	0	0	0
2018	6	0	0	0	0	0	0	0	0	0	0	0	0	0	0	0	0	0	0	0	0	0	0	0	0	0	0	0	0	0	0	0	0	0
2018	7	0	0	0	0	0	0	0	0	0	0	0	0	0	0	0	0	0	0	0	0	0	0	0	0	0	0	0	0	0	0	0	0	0
2018	8	0	0	0	0	0	0	0	0	0	0	0	0	0	0	0	0	0	0	0	0	0	0	0	0	0	0	0	0	0	0	0	0	0
2018	9	0	0	0	0	0	0	0	0	0	0	0.00524194	0.04193548	0.122983871	0.260080654	0.360483875	0.13991935	0.02741935	0.032258058	0.009677421	0	0	0	0	0	0	0	0	0	0	0	0	0	0
2018	10	0	0	0	0	0	0	0	0	0	0	0	0.012345718	0.111111175	0.333333237	0.407407258	0.111111175	0.024691436	0	0	0	0	0	0	0	0	0	0	0	0	0	0	0	0
2018	11	0	0	0	0	0	0	0	0	0	0	0	0	0.001017363	0.100508716	0.32986933	0.207122131	0.196438952	0.050000017	0.060973847	0.013008729	0.027034822	0.014026092	0	0	0	0	0	0	0	0	0	0	0
2018	12	0	0	0	0	0	0	0	0	0	0	0	0	0	0	0	0	0	0	0	0	0	0	0	0	0	0	0	0	0	0	0	0	0
2019	1	0	0	0	0	0	0	0	0	0	0	0	0	0	0	0	0	0	0	0	0	0	0	0	0	0	0	0	0	0	0	0	0	0
2019	2	0	0	0	0	0	0	0	0	0	0.037500001	0.012499997	0	0.049999998	0.012499997	0.100000004	0.187500003	0.225000003	0.237500001	0.087499998	0.025000003	0.012499997	0.012499997	0	0	0	0	0	0	0	0	0	0	0
2019	3	0	0	0	0	0	0	0	0	0	0	0	0	0	0	0	0	0	0	0	0	0	0	0	0	0	0	0	0	0	0	0	0	0
2019	4	0	0	0	0	0	0	0	0	0	0	0	0	0	0	0	0	0	0	0	0	0	0	0	0	0	0	0	0	0	0	0	0	0
2019	5	0	0	0	0	0	0	0	0	0	0	0	0	0	0	0	0	0	0	0	0	0	0	0	0	0	0	0	0	0	0	0	0	0
2019	6	0	0	0	0	0	0	0	0	0	0	0	0	0	0	0	0	0	0	0	0	0	0	0	0	0	0	0	0	0	0	0	0	0
2019	7	0	0	0	0	0	0	0	0	0	0	0	0	0	0	0	0	0	0	0	0	0	0	0	0	0	0	0	0	0	0	0	0	0
2019	8	0	0	0	0	0	0	0	0	0	0	0	0	0	0	0	0	0	0	0	0	0	0	0	0	0	0	0	0	0	0	0	0	0
2019	9	0	0	0	0	0	0	0	0	0	0	0	0	0	0	0	0	0	0	0	0	0	0	0	0	0	0	0	0	0	0	0	0	0
2019	10	0	0	0	0	0	0.074038461	0.054326922	0.091826922	0.163461539	0.025961541	0.040384618	0.122596151	0.063461541	0.062019228	0.025000002	0.024038458	0.096634619	0.120192311	0.012019229	0.024038458	0	0	0	0	0	0	0	0	0	0	0	0	0
2019	11	0	0	0	0	0	0	0.003070508	0.017678362	0.080239225	0.166890544	0.166726789	0.191266484	0.131779457	0.061446621	0.045288572	0.038140652	0.020809731	0.015479771	0.027645611	0.024564044	0.003070508	0.003070508	0	0.002832613	0	0	0	0	0	0	0	0	0
2019	12	0	0	0	0	0	0	0	0	0.003906251	0.043701169	0.060872399	0.134000647	0.04454753	0.016748049	0.00904948	0.0086263	0.028974819	0.130386677	0.137020028	0.086517548	0.122776758	0.050421099	0.043218088	0.050421099	0.02881206	0	0	0	0	0	0	0	0
2020	1	0	0	0	0	0	0	0	0	0	0.152261089	0.479223559	0.277261097	0.049018767	0.01279863	0.01279863	0.010238907	0.006399321	0	0	0	0	0	0	0	0	0	0	0	0	0	0	0	0
2020	2	0	0	0	0	0	0	0	0	0	0	0	0.001216221	0.05032432	0.264351348	0.214405408	0.112148649	0.087310809	0.01267568	0.061648649	0.08563514	0.036986489	0.048972968	0	0.02432432	0	0	0	0	0	0	0	0	0
2020	3	0	0	0	0	0	0	0	0	0	0	0	0	0	0	0	0	0	0	0	0	0	0	0	0	0	0	0	0	0	0	0	0	0
2020	4	0	0	0	0	0	0	0	0	0	0	0	0	0	0	0	0	0	0	0	0	0	0	0	0	0	0	0	0	0	0	0	0	0
2020	5	0	0	0	0	0	0	0	0	0	0	0	0	0	0	0	0	0	0	0	0	0	0	0	0	0	0	0	0	0	0	0	0	0
2020	6	0	0	0	0	0	0	0	0	0	0	0	0	0	0	0	0	0	0	0	0	0	0	0	0	0	0	0	0	0	0	0	0	0
2020	7	0	0	0	0	0	0	0	0	0	0	0	0	0	0	0	0	0	0	0	0	0	0	0	0	0	0	0	0	0	0	0	0	0
2020	8	0	0	0	0	0	0	0	0	0	0	0	0	0	0	0	0	0	0	0	0	0	0	0	0	0	0	0	0	0	0	0	0	0
2020	9	0	0	0	0	0	0	0	0	0	0	0	0	0	0	0	0	0	0	0	0	0	0	0	0	0	0	0	0	0	0	0	0	0
2020	10	0	0	0	0	0	0	0	0	0	0	0	0	0	0	0	0	0	0	0	0	0	0	0	0	0	0	0	0	0	0	0	0	0
2020	11	0	0	0	0	0	0	0	0	0	0	2.65008E-06	0.0040513	0.021972619	0.070589329	0.125295308	0.145033587	0.162936327	0.170954007	0.092572938	0.059092389	0.02376039	0.037337749	0.032246239	0.038417769	0.01126304	0.00447436	0	0	0	0	0	0	0
2020	12	0	0	0	0	0	0	0	0	0	0	0	0	0	0.00390625	0.021875	0.062499999	0.15234375	0.21875	0.2859375	0.16484375	0.04453125	0.03203125	0	0.01328125	0	0	0	0	0	0	0	0	0																															
2021	1	0	0	0	0	0	0	0	0	0	0	0	0	0.062499998	0.262499999	0.237500001	0.087500001	0.075	0.012500001	0.062499998	0.087500001	0.050000001	0.0375	0	0.024999998	0	0	0	0	0	0	0	0	0
2021	2	0	0	0	0	0	0	0	0	0	0	0	0	0	0.012320331	0.036960987	0.051976387	0.348562627	0.226257697	0.223562628	0.050179672	0.02553901	0	0.012320331	0.012320331	0	0	0	0	0	0	0	0	0
2021	3	0	0	0	0	0	0	0	0	0	0	0	0	0	0.012499999	0.149999999	0.350000001	0.237500001	0.162500001	0.049999999	0.025000001	0	0	0	0	0.012499999	0	0	0	0	0	0	0	0
2021	4	0	0	0	0	0	0	0	0	0	0	0	0	0	0	0	0	0	0	0	0	0	0	0	0	0	0	0	0	0	0	0	0	0
2021	5	0	0	0	0.00967742	0.12580645	0.19354839	0.14193548	0.1	0.12580645	0.1483871	0.04516129	0.08387097	0.02580645	0	0	0	0	0	0	0	0	0	0	0	0	0	0	0	0	0	0	0	0
2021	6	0	0	0	0.00193966	0.01540948	0.089655171	0.165301721	0.146120691	0.150538792	0.147306031	0.165625002	0.067456901	0.039870691	0.01077586	0	0	0	0	0	0	0	0	0	0	0	0	0	0	0	0	0	0	0
2021	7	0	0	0	0	0	0	0	0	0	0	0	0	0	0	0	0	0	0	0	0	0	0	0	0	0	0	0	0	0	0	0	0	0
2021	8	0	0	0	0	0	0	0	0	0	0	0	0	0	0	0	0	0	0	0	0	0	0	0	0	0	0	0	0	0	0	0	0	0
2021	9	0	0	0	0	0	0	0	0	0	0	0	0	0	0	0	0	0	0	0	0	0	0	0	0	0	0	0	0	0	0	0	0	0
2021	10	0	0	0	0	0	0	0	0	0	0	0	0	0	0	0	0	0	0	0	0	0	0	0	0	0	0	0	0	0	0	0	0	0
2021	11	0	0	0	0	0	0	0	0	0	0	0	0	0	0	0	0	0	0	0	0	0	0	0	0	0	0	0	0	0	0	0	0	0
2021	12	0	0	0	0	0	0	0	0	0	0	0	0	0	0	0	0	0	0	0	0	0	0	0	0	0	0	0	0	0	0	0	0	0																															
																															
																															
																															
																															
																															
																															
																															
																															
																															
																															
																															
																															
																															
																															
																															
																															
																															
																															
																															
																															
																															
																															
																															
																															
																															
																															
																															
																															
																															
																															
																															
																															
																															
																															
