2015 4  0.0000	0.0000	0.0000	0.0000	0.0013	0.0390	0.1065	0.1223	0.1097	0.0580	0.0281	0.0155	0.0954	0.1397	0.1188	0.0860	0.0333	0.0201	0.0097	0.0039	0.0033	0.0048	0.0010	0.0024	0.0006	0.0003	0.0005	0.0000	0.0000	0.0000	0.0000	0.0000	0.0000
2016 4  0.0000	0.0000	0.0000	0.0000	0.0000	0.0000	0.0000	0.0000	0.0043	0.0580	0.0973	0.1128	0.0365	0.0433	0.0835	0.1633	0.1038	0.0910	0.0800	0.0600	0.0380	0.0165	0.0078	0.0035	0.0008	0.0000	0.0000	0.0000	0.0000	0.0000	0.0000	0.0000	0.0000
2017 4  0.0000	0.0000	0.0197	0.0595	0.1109	0.1028	0.0775	0.0463	0.0720	0.1833	0.1903	0.0983	0.0172	0.0031	0.0007	0.0003	0.0002	0.0017	0.0013	0.0040	0.0023	0.0020	0.0011	0.0021	0.0023	0.0011	0.0002	0.0001	0.0000	0.0000	0.0000	0.0000	0.0000
2018 4  0.0000	0.0000	0.0213	0.0594	0.1460	0.0646	0.0774	0.0639	0.0633	0.0577	0.0522	0.0492	0.0608	0.0450	0.0444	0.0444	0.0577	0.0327	0.0228	0.0163	0.0114	0.0060	0.0018	0.0012	0.0005	0.0000	0.0000	0.0000	0.0000	0.0000	0.0000	0.0000	0.0000
2019 4  0.0000	0.0443	0.1371	0.2040	0.2227	0.1773	0.0861	0.0291	0.0050	0.0015	0.0020	0.0047	0.0200	0.0110	0.0087	0.0065	0.0139	0.0125	0.0058	0.0023	0.0022	0.0023	0.0012	0.0000	0.0000	0.0000	0.0000	0.0000	0.0000	0.0000	0.0000	0.0000	0.0000
2020	4	0	0	0	0	0	0	0	0	0	0	0	0	0	0	0	0	0	0	0	0	0	0	0	0	0	0	0	0	0	0	0	0	0
2021	4	0	0	0.0043	0.0106	0.1076	0.2450	0.2961	0.1816	0.0700	0.0232	0.0153	0.0139	0.0113	0.0098	0.0030	0.0027	0.0017	0.0008	0.0008	0.0017	0.0006	0	0	0	0	0	0	0	0	0	0	0	0									
																															
																															
																															
																															
																															
																															
																															
																															
																															
																															
																															
																															
																															
																															
																															
																															
																															
																															
																															
																															
																															
																															
																															
																															
																															
																															
																															
																															
																															
																															
																															
																															
																															
																															
																															
